0.3252, 0.531, 0.1, 0.5, 10, 256, 160, 1
0.4697, 0.7161, 0.1, 0.5, 10, 256, 160, 1
0.4973, 0.7963, 0.1, 0.5, 10, 256, 160, 1
0.4242, 0.5205, 0.1, 0.5, 10, 256, 160, 1
0.4202, 0.732, 0.1, 0.5, 10, 256, 160, 1
0.4761, 0.5354, 0.1, 0.5, 10, 256, 160, 1
0.2536, 0.8347, 0.1, 0.5, 10, 256, 160, 1
0.2738, 1.039, 0.1, 0.5, 10, 256, 160, 1
0.3319, 1.0679, 0.1, 0.5, 10, 256, 160, 1
0.4883, 0.629, 0.1, 0.5, 10, 256, 160, 1
0.3919, 0.6831, 0.1, 0.5, 10, 256, 160, 1
0.2821, 0.7301, 0.1, 0.5, 10, 256, 160, 1
0.2073, 1.0698, 0.1, 0.5, 10, 256, 160, 1
0.2778, 1.0244, 0.1, 0.5, 10, 256, 160, 1
0.2503, 0.9066, 0.1, 0.5, 10, 256, 160, 1
0.3495, 0.8183, 0.1, 0.5, 10, 256, 160, 1
0.2352, 0.6758, 0.1, 0.5, 10, 256, 160, 1
0.2467, 0.8621, 0.1, 0.5, 10, 256, 160, 1
0.4314, 0.5992, 0.1, 0.5, 10, 256, 160, 1
0.2478, 0.9369, 0.1, 0.5, 10, 256, 160, 1
0.3936, 1.011, 0.1, 0.5, 10, 256, 160, 1
0.3345, 1.0415, 0.1, 0.5, 10, 256, 160, 1
0.2631, 0.7305, 0.1, 0.5, 10, 256, 160, 1
0.3713, 0.5121, 0.1, 0.5, 10, 256, 160, 1
0.3835, 1.093, 0.1, 0.5, 10, 256, 160, 1
0.3568, 0.6385, 0.1, 0.5, 10, 256, 160, 1
0.4165, 0.6736, 0.1, 0.5, 10, 256, 160, 1
0.2284, 0.5061, 0.1, 0.5, 10, 256, 160, 1
0.3763, 1.0132, 0.1, 0.5, 10, 256, 160, 1
0.4059, 0.5212, 0.1, 0.5, 10, 256, 160, 1
0.4904, 0.673, 0.1, 0.5, 10, 256, 160, 1
0.3103, 0.6582, 0.1, 0.5, 10, 256, 160, 1
0.3, 0.588, 0.1, 0.5, 10, 256, 160, 1
0.261, 0.7679, 0.1, 0.5, 10, 256, 160, 1
0.3864, 0.9769, 0.1, 0.5, 10, 256, 160, 1
0.3133, 1.0662, 0.1, 0.5, 10, 256, 160, 1
0.3947, 0.6874, 0.1, 0.5, 10, 256, 160, 1
0.4022, 0.5985, 0.1, 0.5, 10, 256, 160, 1
0.2419, 0.7229, 0.1, 0.5, 10, 256, 160, 1
0.3904, 0.9145, 0.1, 0.5, 10, 256, 160, 1
0.4802, 0.9509, 0.1, 0.5, 10, 256, 160, 1
0.2031, 0.5979, 0.1, 0.5, 10, 256, 160, 1
0.3104, 0.7752, 0.1, 0.5, 10, 256, 160, 1
0.3193, 0.8266, 0.1, 0.5, 10, 256, 160, 1
0.3114, 0.7996, 0.1, 0.5, 10, 256, 160, 1
0.4934, 0.5404, 0.1, 0.5, 10, 256, 160, 1
0.4969, 1.0605, 0.1, 0.5, 10, 256, 160, 1
0.4396, 0.6646, 0.1, 0.5, 10, 256, 160, 1
0.4166, 0.6146, 0.1, 0.5, 10, 256, 160, 1
0.2332, 0.823, 0.1, 0.5, 10, 256, 160, 1
0.4057, 0.9959, 0.1, 0.5, 10, 256, 160, 1
0.4873, 0.8182, 0.1, 0.5, 10, 256, 160, 1
0.3422, 0.9097, 0.1, 0.5, 10, 256, 160, 1
0.3352, 0.5828, 0.1, 0.5, 10, 256, 160, 1
0.4033, 0.6339, 0.1, 0.5, 10, 256, 160, 1
0.4742, 0.8391, 0.1, 0.5, 10, 256, 160, 1
0.333, 0.8251, 0.1, 0.5, 10, 256, 160, 1
0.4011, 0.6692, 0.1, 0.5, 10, 256, 160, 1
0.4337, 0.8896, 0.1, 0.5, 10, 256, 160, 1
0.4013, 0.6288, 0.1, 0.5, 10, 256, 160, 1
0.4147, 1.0724, 0.1, 0.5, 10, 256, 160, 1
0.2588, 0.6426, 0.1, 0.5, 10, 256, 160, 1
0.3433, 0.6677, 0.1, 0.5, 10, 256, 160, 1
0.4568, 1.0848, 0.1, 0.5, 10, 256, 160, 1
0.4767, 0.5697, 0.1, 0.5, 10, 256, 160, 1
0.3235, 0.5567, 0.1, 0.5, 10, 256, 160, 1
0.2259, 1.043, 0.1, 0.5, 10, 256, 160, 1
0.2777, 0.7031, 0.1, 0.5, 10, 256, 160, 1
0.3742, 0.5037, 0.1, 0.5, 10, 256, 160, 1
0.4545, 0.7987, 0.1, 0.5, 10, 256, 160, 1
0.2953, 1.0034, 0.1, 0.5, 10, 256, 160, 1
0.3158, 1.0605, 0.1, 0.5, 10, 256, 160, 1
0.2485, 0.5699, 0.1, 0.5, 10, 256, 160, 1
0.2254, 1.063, 0.1, 0.5, 10, 256, 160, 1
0.4192, 0.7487, 0.1, 0.5, 10, 256, 160, 1
0.4205, 0.736, 0.1, 0.5, 10, 256, 160, 1
0.449, 0.9125, 0.1, 0.5, 10, 256, 160, 1
0.2418, 0.6785, 0.1, 0.5, 10, 256, 160, 1
0.3792, 0.8635, 0.1, 0.5, 10, 256, 160, 1
0.2098, 0.5895, 0.1, 0.5, 10, 256, 160, 1
0.2654, 0.8769, 0.1, 0.5, 10, 256, 160, 1
0.4135, 0.9722, 0.1, 0.5, 10, 256, 160, 1
0.2955, 1.0126, 0.1, 0.5, 10, 256, 160, 1
0.3655, 0.9195, 0.1, 0.5, 10, 256, 160, 1
0.4215, 0.668, 0.1, 0.5, 10, 256, 160, 1
0.4237, 0.6673, 0.1, 0.5, 10, 256, 160, 1
0.4834, 0.6367, 0.1, 0.5, 10, 256, 160, 1
0.2006, 0.7563, 0.1, 0.5, 10, 256, 160, 1
0.4585, 0.8921, 0.1, 0.5, 10, 256, 160, 1
0.2205, 0.8208, 0.1, 0.5, 10, 256, 160, 1
0.3534, 0.7334, 0.1, 0.5, 10, 256, 160, 1
0.2328, 0.8236, 0.1, 0.5, 10, 256, 160, 1
0.4531, 0.8537, 0.1, 0.5, 10, 256, 160, 1
0.4708, 0.812, 0.1, 0.5, 10, 256, 160, 1
0.4467, 0.9801, 0.1, 0.5, 10, 256, 160, 1
0.3985, 0.9036, 0.1, 0.5, 10, 256, 160, 1
0.4697, 0.8269, 0.1, 0.5, 10, 256, 160, 1
0.2972, 0.5956, 0.1, 0.5, 10, 256, 160, 1
0.2583, 1.099, 0.1, 0.5, 10, 256, 160, 1
0.314, 0.5781, 0.1, 0.5, 10, 256, 160, 1
0.3094, 0.6707, 0.1, 0.5, 10, 256, 160, 1
0.3859, 0.5453, 0.1, 0.5, 10, 256, 160, 1
0.2014, 0.8444, 0.1, 0.5, 10, 256, 160, 1
0.3607, 0.6345, 0.1, 0.5, 10, 256, 160, 1
0.2834, 1.0846, 0.1, 0.5, 10, 256, 160, 1
0.2206, 0.5156, 0.1, 0.5, 10, 256, 160, 1
0.225, 0.9621, 0.1, 0.5, 10, 256, 160, 1
0.2284, 0.7216, 0.1, 0.5, 10, 256, 160, 1
0.3424, 0.9043, 0.1, 0.5, 10, 256, 160, 1
0.3836, 0.682, 0.1, 0.5, 10, 256, 160, 1
0.39, 0.8246, 0.1, 0.5, 10, 256, 160, 1
0.4228, 0.7893, 0.1, 0.5, 10, 256, 160, 1
0.4504, 0.7437, 0.1, 0.5, 10, 256, 160, 1
0.2772, 0.9046, 0.1, 0.5, 10, 256, 160, 1
0.2219, 0.7636, 0.1, 0.5, 10, 256, 160, 1
0.4838, 0.982, 0.1, 0.5, 10, 256, 160, 1
0.2454, 0.7815, 0.1, 0.5, 10, 256, 160, 1
0.2347, 0.5974, 0.1, 0.5, 10, 256, 160, 1
0.2577, 0.5471, 0.1, 0.5, 10, 256, 160, 1
0.2663, 0.8624, 0.1, 0.5, 10, 256, 160, 1
0.2977, 0.6629, 0.1, 0.5, 10, 256, 160, 1
0.4079, 0.8102, 0.1, 0.5, 10, 256, 160, 1
0.4898, 0.5821, 0.1, 0.5, 10, 256, 160, 1
0.3244, 0.9649, 0.1, 0.5, 10, 256, 160, 1
0.4423, 0.5039, 0.1, 0.5, 10, 256, 160, 1
0.4329, 0.6679, 0.1, 0.5, 10, 256, 160, 1
0.3815, 1.0841, 0.1, 0.5, 10, 256, 160, 1
0.4853, 1.0325, 0.1, 0.5, 10, 256, 160, 1
0.2698, 1.0218, 0.1, 0.5, 10, 256, 160, 1
0.2331, 0.5883, 0.1, 0.5, 10, 256, 160, 1
0.4424, 1.094, 0.1, 0.5, 10, 256, 160, 1
0.2003, 0.5479, 0.1, 0.5, 10, 256, 160, 1
0.3285, 0.9252, 0.1, 0.5, 10, 256, 160, 1
0.2257, 0.5316, 0.1, 0.5, 10, 256, 160, 1
0.3381, 0.6106, 0.1, 0.5, 10, 256, 160, 1
0.2006, 1.0115, 0.1, 0.5, 10, 256, 160, 1
0.2545, 0.9878, 0.1, 0.5, 10, 256, 160, 1
0.3532, 1.0757, 0.1, 0.5, 10, 256, 160, 1
0.3462, 0.7046, 0.1, 0.5, 10, 256, 160, 1
0.3288, 1.0328, 0.1, 0.5, 10, 256, 160, 1
0.3341, 1.0697, 0.1, 0.5, 10, 256, 160, 1
0.4927, 0.863, 0.1, 0.5, 10, 256, 160, 1
0.4546, 0.7043, 0.1, 0.5, 10, 256, 160, 1
0.3859, 0.5442, 0.1, 0.5, 10, 256, 160, 1
0.2382, 0.5564, 0.1, 0.5, 10, 256, 160, 1
0.327, 0.7608, 0.1, 0.5, 10, 256, 160, 1
0.3088, 0.721, 0.1, 0.5, 10, 256, 160, 1
0.4156, 0.9141, 0.1, 0.5, 10, 256, 160, 1
0.3343, 0.8673, 0.1, 0.5, 10, 256, 160, 1
0.2346, 0.5087, 0.1, 0.5, 10, 256, 160, 1
0.34, 0.9823, 0.1, 0.5, 10, 256, 160, 1
0.4308, 0.8205, 0.1, 0.5, 10, 256, 160, 1
0.3785, 1.0914, 0.1, 0.5, 10, 256, 160, 1
0.2325, 0.8711, 0.1, 0.5, 10, 256, 160, 1
0.2755, 0.5334, 0.1, 0.5, 10, 256, 160, 1
0.4722, 0.7643, 0.1, 0.5, 10, 256, 160, 1
0.4445, 0.8482, 0.1, 0.5, 10, 256, 160, 1
0.4666, 0.6737, 0.1, 0.5, 10, 256, 160, 1
0.4197, 0.7812, 0.1, 0.5, 10, 256, 160, 1
0.4587, 0.5897, 0.1, 0.5, 10, 256, 160, 1
0.4236, 1.0209, 0.1, 0.5, 10, 256, 160, 1
0.4976, 0.7052, 0.1, 0.5, 10, 256, 160, 1
0.4216, 0.9647, 0.1, 0.5, 10, 256, 160, 1
0.2478, 0.5659, 0.1, 0.5, 10, 256, 160, 1
0.3222, 0.7285, 0.1, 0.5, 10, 256, 160, 1
0.3257, 0.9857, 0.1, 0.5, 10, 256, 160, 1
0.3852, 0.6055, 0.1, 0.5, 10, 256, 160, 1
0.2308, 0.6956, 0.1, 0.5, 10, 256, 160, 1
0.2394, 0.5051, 0.1, 0.5, 10, 256, 160, 1
0.3419, 0.6744, 0.1, 0.5, 10, 256, 160, 1
0.2965, 0.5373, 0.1, 0.5, 10, 256, 160, 1
0.36, 0.585, 0.1, 0.5, 10, 256, 160, 1
0.415, 1.0716, 0.1, 0.5, 10, 256, 160, 1
0.2921, 1.0301, 0.1, 0.5, 10, 256, 160, 1
0.4894, 0.6821, 0.1, 0.5, 10, 256, 160, 1
0.4027, 0.921, 0.1, 0.5, 10, 256, 160, 1
0.4975, 0.6377, 0.1, 0.5, 10, 256, 160, 1
0.3754, 0.9143, 0.1, 0.5, 10, 256, 160, 1
0.4167, 0.8829, 0.1, 0.5, 10, 256, 160, 1
0.3989, 0.8438, 0.1, 0.5, 10, 256, 160, 1
0.2923, 0.5152, 0.1, 0.5, 10, 256, 160, 1
0.4909, 0.9908, 0.1, 0.5, 10, 256, 160, 1
0.3369, 0.976, 0.1, 0.5, 10, 256, 160, 1
0.3442, 0.8438, 0.1, 0.5, 10, 256, 160, 1
0.382, 0.8943, 0.1, 0.5, 10, 256, 160, 1
0.344, 0.916, 0.1, 0.5, 10, 256, 160, 1
0.2263, 0.6856, 0.1, 0.5, 10, 256, 160, 1
0.3372, 0.6765, 0.1, 0.5, 10, 256, 160, 1
0.3115, 0.6969, 0.1, 0.5, 10, 256, 160, 1
0.3861, 0.841, 0.1, 0.5, 10, 256, 160, 1
0.4804, 0.6037, 0.1, 0.5, 10, 256, 160, 1
0.3484, 0.5693, 0.1, 0.5, 10, 256, 160, 1
0.3509, 0.9309, 0.1, 0.5, 10, 256, 160, 1
0.4757, 0.5053, 0.1, 0.5, 10, 256, 160, 1
0.2833, 0.5889, 0.1, 0.5, 10, 256, 160, 1
0.3959, 0.9694, 0.1, 0.5, 10, 256, 160, 1
0.2573, 0.7419, 0.1, 0.5, 10, 256, 160, 1
0.3315, 0.8186, 0.1, 0.5, 10, 256, 160, 1
0.4742, 0.7968, 0.1, 0.5, 10, 256, 160, 1
0.3114, 0.5996, 0.1, 0.5, 10, 256, 160, 1
0.4517, 0.553, 0.1, 0.5, 10, 256, 160, 1
0.2936, 0.8154, 0.1, 0.5, 10, 256, 160, 1
0.3834, 0.5468, 0.1, 0.5, 10, 256, 160, 1
0.4902, 0.8411, 0.1, 0.5, 10, 256, 160, 1
0.3672, 1.0304, 0.1, 0.5, 10, 256, 160, 1
0.4284, 0.9598, 0.1, 0.5, 10, 256, 160, 1
0.2446, 0.6469, 0.1, 0.5, 10, 256, 160, 1
0.349, 0.7111, 0.1, 0.5, 10, 256, 160, 1
0.4308, 0.7946, 0.1, 0.5, 10, 256, 160, 1
0.4988, 0.6561, 0.1, 0.5, 10, 256, 160, 1
0.3283, 0.8465, 0.1, 0.5, 10, 256, 160, 1
0.4959, 0.7505, 0.1, 0.5, 10, 256, 160, 1
0.4768, 0.8861, 0.1, 0.5, 10, 256, 160, 1
0.2384, 0.5396, 0.1, 0.5, 10, 256, 160, 1
0.4163, 0.9128, 0.1, 0.5, 10, 256, 160, 1
0.252, 0.8284, 0.1, 0.5, 10, 256, 160, 1
0.2413, 0.8505, 0.1, 0.5, 10, 256, 160, 1
0.3371, 0.8288, 0.1, 0.5, 10, 256, 160, 1
0.4945, 0.9969, 0.1, 0.5, 10, 256, 160, 1
0.3655, 0.7669, 0.1, 0.5, 10, 256, 160, 1
0.2204, 0.5584, 0.1, 0.5, 10, 256, 160, 1
0.266, 0.8842, 0.1, 0.5, 10, 256, 160, 1
0.2408, 0.795, 0.1, 0.5, 10, 256, 160, 1
0.4491, 0.901, 0.1, 0.5, 10, 256, 160, 1
0.4689, 1.024, 0.1, 0.5, 10, 256, 160, 1
0.3993, 0.651, 0.1, 0.5, 10, 256, 160, 1
0.3586, 1.069, 0.1, 0.5, 10, 256, 160, 1
0.2391, 0.6111, 0.1, 0.5, 10, 256, 160, 1
0.2594, 0.5216, 0.1, 0.5, 10, 256, 160, 1
0.2957, 0.9385, 0.1, 0.5, 10, 256, 160, 1
0.3797, 0.9737, 0.1, 0.5, 10, 256, 160, 1
0.2911, 0.9674, 0.1, 0.5, 10, 256, 160, 1
0.2972, 0.6634, 0.1, 0.5, 10, 256, 160, 1
0.2029, 0.5305, 0.1, 0.5, 10, 256, 160, 1
0.2791, 1.0578, 0.1, 0.5, 10, 256, 160, 1
0.2968, 0.9136, 0.1, 0.5, 10, 256, 160, 1
0.3343, 0.8381, 0.1, 0.5, 10, 256, 160, 1
0.288, 0.7188, 0.1, 0.5, 10, 256, 160, 1
0.4125, 0.5102, 0.1, 0.5, 10, 256, 160, 1
0.4401, 1.0684, 0.1, 0.5, 10, 256, 160, 1
0.4284, 0.5231, 0.1, 0.5, 10, 256, 160, 1
0.3354, 0.5164, 0.1, 0.5, 10, 256, 160, 1
0.3222, 1.0289, 0.1, 0.5, 10, 256, 160, 1
0.3786, 1.0708, 0.1, 0.5, 10, 256, 160, 1
0.499, 0.9817, 0.1, 0.5, 10, 256, 160, 1
0.2658, 0.6113, 0.1, 0.5, 10, 256, 160, 1
0.3346, 1.0093, 0.1, 0.5, 10, 256, 160, 1
0.3575, 0.7842, 0.1, 0.5, 10, 256, 160, 1
0.2918, 1.0566, 0.1, 0.5, 10, 256, 160, 1
0.4044, 0.787, 0.1, 0.5, 10, 256, 160, 1
0.3654, 0.9736, 0.1, 0.5, 10, 256, 160, 1
0.2194, 0.8288, 0.1, 0.5, 10, 256, 160, 1
0.4171, 0.9364, 0.1, 0.5, 10, 256, 160, 1
0.473, 0.7935, 0.1, 0.5, 10, 256, 160, 1
0.2185, 0.7483, 0.1, 0.5, 10, 256, 160, 1
0.2927, 1.0348, 0.1, 0.5, 10, 256, 160, 1
0.201, 1.0725, 0.1, 0.5, 10, 256, 160, 1
0.288, 0.5487, 0.1, 0.5, 10, 256, 160, 1
0.3396, 0.6094, 0.1, 0.5, 10, 256, 160, 1
0.295, 0.7092, 0.1, 0.5, 10, 256, 160, 1
0.4875, 0.5167, 0.1, 0.5, 10, 256, 160, 1
0.2064, 0.5583, 0.1, 0.5, 10, 256, 160, 1
0.3655, 0.8626, 0.1, 0.5, 10, 256, 160, 1
0.4106, 0.6163, 0.1, 0.5, 10, 256, 160, 1
0.4935, 0.7875, 0.1, 0.5, 10, 256, 160, 1
0.3151, 1.0005, 0.1, 0.5, 10, 256, 160, 1
0.3683, 0.6431, 0.1, 0.5, 10, 256, 160, 1
0.4997, 0.531, 0.1, 0.5, 10, 256, 160, 1
0.2687, 0.7674, 0.1, 0.5, 10, 256, 160, 1
0.4605, 0.6565, 0.1, 0.5, 10, 256, 160, 1
0.2432, 0.9525, 0.1, 0.5, 10, 256, 160, 1
0.3062, 0.9495, 0.1, 0.5, 10, 256, 160, 1
0.305, 0.7457, 0.1, 0.5, 10, 256, 160, 1
0.2484, 1.0133, 0.1, 0.5, 10, 256, 160, 1
0.4908, 0.5972, 0.1, 0.5, 10, 256, 160, 1
0.2996, 0.9331, 0.1, 0.5, 10, 256, 160, 1
0.3862, 1.0823, 0.1, 0.5, 10, 256, 160, 1
0.4053, 1.0895, 0.1, 0.5, 10, 256, 160, 1
0.3643, 1.0971, 0.1, 0.5, 10, 256, 160, 1
0.3569, 0.7462, 0.1, 0.5, 10, 256, 160, 1
0.3257, 0.6546, 0.1, 0.5, 10, 256, 160, 1
0.2575, 0.6252, 0.1, 0.5, 10, 256, 160, 1
0.4885, 0.8952, 0.1, 0.5, 10, 256, 160, 1
0.45, 1.0291, 0.1, 0.5, 10, 256, 160, 1
0.255, 0.6388, 0.1, 0.5, 10, 256, 160, 1
0.4546, 0.9492, 0.1, 0.5, 10, 256, 160, 1
0.2078, 0.7058, 0.1, 0.5, 10, 256, 160, 1
0.2904, 0.623, 0.1, 0.5, 10, 256, 160, 1
0.3299, 0.7782, 0.1, 0.5, 10, 256, 160, 1
0.2748, 0.6525, 0.1, 0.5, 10, 256, 160, 1
0.3114, 0.7862, 0.1, 0.5, 10, 256, 160, 1
0.4475, 1.0278, 0.1, 0.5, 10, 256, 160, 1
0.2672, 1.0762, 0.1, 0.5, 10, 256, 160, 1
0.319, 0.5164, 0.1, 0.5, 10, 256, 160, 1
0.3576, 0.9768, 0.1, 0.5, 10, 256, 160, 1
0.2989, 0.7137, 0.1, 0.5, 10, 256, 160, 1
0.3825, 0.9419, 0.1, 0.5, 10, 256, 160, 1
0.2417, 0.9126, 0.1, 0.5, 10, 256, 160, 1
0.2089, 0.8719, 0.1, 0.5, 10, 256, 160, 1
0.4968, 0.9494, 0.1, 0.5, 10, 256, 160, 1
0.4597, 1.0608, 0.1, 0.5, 10, 256, 160, 1
0.4797, 0.5684, 0.1, 0.5, 10, 256, 160, 1
0.4819, 1.0042, 0.1, 0.5, 10, 256, 160, 1
0.2103, 0.7686, 0.1, 0.5, 10, 256, 160, 1
0.2694, 0.711, 0.1, 0.5, 10, 256, 160, 1
0.2797, 0.7749, 0.1, 0.5, 10, 256, 160, 1
0.2014, 0.7138, 0.1, 0.5, 10, 256, 160, 1
0.35, 0.6355, 0.1, 0.5, 10, 256, 160, 1
0.2868, 1.048, 0.1, 0.5, 10, 256, 160, 1
0.2654, 0.9494, 0.1, 0.5, 10, 256, 160, 1
0.4932, 0.6292, 0.1, 0.5, 10, 256, 160, 1
0.2264, 0.7931, 0.1, 0.5, 10, 256, 160, 1
0.4456, 1.0514, 0.1, 0.5, 10, 256, 160, 1
0.2397, 0.9963, 0.1, 0.5, 10, 256, 160, 1
0.387, 0.8861, 0.1, 0.5, 10, 256, 160, 1
0.4153, 0.5809, 0.1, 0.5, 10, 256, 160, 1
0.235, 0.5944, 0.1, 0.5, 10, 256, 160, 1
0.3625, 0.8522, 0.1, 0.5, 10, 256, 160, 1
0.2479, 0.628, 0.1, 0.5, 10, 256, 160, 1
0.3987, 0.777, 0.1, 0.5, 10, 256, 160, 1
0.2911, 0.6414, 0.1, 0.5, 10, 256, 160, 1
0.2034, 1.0982, 0.1, 0.5, 10, 256, 160, 1
0.4848, 0.858, 0.1, 0.5, 10, 256, 160, 1
0.2865, 1.0304, 0.1, 0.5, 10, 256, 160, 1
0.3116, 0.9334, 0.1, 0.5, 10, 256, 160, 1
0.3962, 0.639, 0.1, 0.5, 10, 256, 160, 1
0.2258, 0.9264, 0.1, 0.5, 10, 256, 160, 1
0.2103, 0.9839, 0.1, 0.5, 10, 256, 160, 1
0.3586, 0.5996, 0.1, 0.5, 10, 256, 160, 1
0.2286, 0.6841, 0.1, 0.5, 10, 256, 160, 1
0.2585, 0.5688, 0.1, 0.5, 10, 256, 160, 1
0.4791, 0.7759, 0.1, 0.5, 10, 256, 160, 1
0.4258, 1.0436, 0.1, 0.5, 10, 256, 160, 1
0.253, 0.9056, 0.1, 0.5, 10, 256, 160, 1
0.2732, 1.061, 0.1, 0.5, 10, 256, 160, 1
0.2102, 0.5987, 0.1, 0.5, 10, 256, 160, 1
0.3283, 0.7032, 0.1, 0.5, 10, 256, 160, 1
0.2981, 0.8847, 0.1, 0.5, 10, 256, 160, 1
0.2024, 0.9985, 0.1, 0.5, 10, 256, 160, 1
0.4593, 0.8965, 0.1, 0.5, 10, 256, 160, 1
0.3376, 1.0284, 0.1, 0.5, 10, 256, 160, 1
0.4682, 0.9111, 0.1, 0.5, 10, 256, 160, 1
0.2526, 0.7471, 0.1, 0.5, 10, 256, 160, 1
0.2514, 0.6682, 0.1, 0.5, 10, 256, 160, 1
0.4931, 0.9031, 0.1, 0.5, 10, 256, 160, 1
0.4863, 0.6915, 0.1, 0.5, 10, 256, 160, 1
0.4869, 0.686, 0.1, 0.5, 10, 256, 160, 1
0.2505, 1.0989, 0.1, 0.5, 10, 256, 160, 1
0.3064, 1.0638, 0.1, 0.5, 10, 256, 160, 1
0.45, 1.0931, 0.1, 0.5, 10, 256, 160, 1
0.234, 0.5285, 0.1, 0.5, 10, 256, 160, 1
0.2392, 0.693, 0.1, 0.5, 10, 256, 160, 1
0.2307, 0.827, 0.1, 0.5, 10, 256, 160, 1
0.4077, 1.0064, 0.1, 0.5, 10, 256, 160, 1
0.2674, 0.8043, 0.1, 0.5, 10, 256, 160, 1
0.3411, 0.6451, 0.1, 0.5, 10, 256, 160, 1
0.4864, 1.0446, 0.1, 0.5, 10, 256, 160, 1
0.2104, 0.8278, 0.1, 0.5, 10, 256, 160, 1
0.2456, 0.7889, 0.1, 0.5, 10, 256, 160, 1
0.265, 0.5469, 0.1, 0.5, 10, 256, 160, 1
0.3141, 0.6403, 0.1, 0.5, 10, 256, 160, 1
0.3168, 0.9217, 0.1, 0.5, 10, 256, 160, 1
0.4937, 0.8556, 0.1, 0.5, 10, 256, 160, 1
0.4178, 1.0435, 0.1, 0.5, 10, 256, 160, 1
0.2416, 0.8026, 0.1, 0.5, 10, 256, 160, 1
0.3094, 0.719, 0.1, 0.5, 10, 256, 160, 1
0.416, 0.5605, 0.1, 0.5, 10, 256, 160, 1
0.4195, 0.689, 0.1, 0.5, 10, 256, 160, 1
0.3329, 0.9384, 0.1, 0.5, 10, 256, 160, 1
0.3166, 0.6303, 0.1, 0.5, 10, 256, 160, 1
0.4076, 0.8586, 0.1, 0.5, 10, 256, 160, 1
0.3651, 0.5843, 0.1, 0.5, 10, 256, 160, 1
0.2261, 0.7168, 0.1, 0.5, 10, 256, 160, 1
0.2855, 0.8686, 0.1, 0.5, 10, 256, 160, 1
0.3079, 0.5922, 0.1, 0.5, 10, 256, 160, 1
0.4226, 0.5059, 0.1, 0.5, 10, 256, 160, 1
0.3891, 0.8974, 0.1, 0.5, 10, 256, 160, 1
0.4193, 0.9767, 0.1, 0.5, 10, 256, 160, 1
0.4467, 0.6366, 0.1, 0.5, 10, 256, 160, 1
0.307, 0.5752, 0.1, 0.5, 10, 256, 160, 1
0.3511, 1.0238, 0.1, 0.5, 10, 256, 160, 1
0.2672, 0.6235, 0.1, 0.5, 10, 256, 160, 1
0.3432, 0.5094, 0.1, 0.5, 10, 256, 160, 1
0.3869, 1.0853, 0.1, 0.5, 10, 256, 160, 1
0.4451, 0.8563, 0.1, 0.5, 10, 256, 160, 1
0.3616, 0.9227, 0.1, 0.5, 10, 256, 160, 1
0.2156, 1.0118, 0.1, 0.5, 10, 256, 160, 1
0.3926, 0.6572, 0.1, 0.5, 10, 256, 160, 1
0.2533, 0.8839, 0.1, 0.5, 10, 256, 160, 1
0.3964, 0.9836, 0.1, 0.5, 10, 256, 160, 1
0.3945, 0.6999, 0.1, 0.5, 10, 256, 160, 1
0.3736, 0.6523, 0.1, 0.5, 10, 256, 160, 1
0.2943, 0.9753, 0.1, 0.5, 10, 256, 160, 1
0.2456, 0.5604, 0.1, 0.5, 10, 256, 160, 1
0.2069, 0.9452, 0.1, 0.5, 10, 256, 160, 1
0.3786, 0.8459, 0.1, 0.5, 10, 256, 160, 1
0.3044, 0.9258, 0.1, 0.5, 10, 256, 160, 1
0.4411, 0.6855, 0.1, 0.5, 10, 256, 160, 1
0.3958, 1.038, 0.1, 0.5, 10, 256, 160, 1
0.2108, 0.8398, 0.1, 0.5, 10, 256, 160, 1
0.3875, 0.9417, 0.1, 0.5, 10, 256, 160, 1
0.4116, 0.5728, 0.1, 0.5, 10, 256, 160, 1
0.3396, 0.8177, 0.1, 0.5, 10, 256, 160, 1
0.2217, 0.8766, 0.1, 0.5, 10, 256, 160, 1
0.2676, 0.8029, 0.1, 0.5, 10, 256, 160, 1
0.3776, 0.6001, 0.1, 0.5, 10, 256, 160, 1
0.2718, 0.8334, 0.1, 0.5, 10, 256, 160, 1
0.4011, 0.9261, 0.1, 0.5, 10, 256, 160, 1
0.2954, 1.0171, 0.1, 0.5, 10, 256, 160, 1
0.2376, 0.8223, 0.1, 0.5, 10, 256, 160, 1
0.3731, 0.7173, 0.1, 0.5, 10, 256, 160, 1
0.3564, 0.6196, 0.1, 0.5, 10, 256, 160, 1
0.2228, 0.5124, 0.1, 0.5, 10, 256, 160, 1
0.3076, 0.9302, 0.1, 0.5, 10, 256, 160, 1
0.4628, 0.6195, 0.1, 0.5, 10, 256, 160, 1
0.34, 0.9509, 0.1, 0.5, 10, 256, 160, 1
0.4521, 0.8907, 0.1, 0.5, 10, 256, 160, 1
0.2196, 0.7213, 0.1, 0.5, 10, 256, 160, 1
0.294, 0.9057, 0.1, 0.5, 10, 256, 160, 1
0.4966, 0.7159, 0.1, 0.5, 10, 256, 160, 1
0.4384, 0.9199, 0.1, 0.5, 10, 256, 160, 1
0.2926, 1.0717, 0.1, 0.5, 10, 256, 160, 1
0.4055, 0.75, 0.1, 0.5, 10, 256, 160, 1
0.2398, 1.0711, 0.1, 0.5, 10, 256, 160, 1
0.2383, 1.0363, 0.1, 0.5, 10, 256, 160, 1
0.2447, 0.6534, 0.1, 0.5, 10, 256, 160, 1
0.291, 1.071, 0.1, 0.5, 10, 256, 160, 1
0.3771, 0.8145, 0.1, 0.5, 10, 256, 160, 1
0.2217, 0.7431, 0.1, 0.5, 10, 256, 160, 1
0.2795, 0.6466, 0.1, 0.5, 10, 256, 160, 1
0.4987, 0.5804, 0.1, 0.5, 10, 256, 160, 1
0.4568, 0.807, 0.1, 0.5, 10, 256, 160, 1
0.3975, 0.6693, 0.1, 0.5, 10, 256, 160, 1
0.3216, 1.0044, 0.1, 0.5, 10, 256, 160, 1
0.2455, 0.9704, 0.1, 0.5, 10, 256, 160, 1
0.3245, 0.6739, 0.1, 0.5, 10, 256, 160, 1
0.3026, 0.6982, 0.1, 0.5, 10, 256, 160, 1
0.4009, 1.0159, 0.1, 0.5, 10, 256, 160, 1
0.4623, 0.6209, 0.1, 0.5, 10, 256, 160, 1
0.2147, 0.8232, 0.1, 0.5, 10, 256, 160, 1
0.4294, 0.9443, 0.1, 0.5, 10, 256, 160, 1
0.264, 0.8822, 0.1, 0.5, 10, 256, 160, 1
0.244, 1.0684, 0.1, 0.5, 10, 256, 160, 1
0.3727, 0.9827, 0.1, 0.5, 10, 256, 160, 1
0.276, 1.0583, 0.1, 0.5, 10, 256, 160, 1
0.4882, 0.6258, 0.1, 0.5, 10, 256, 160, 1
0.411, 0.5974, 0.1, 0.5, 10, 256, 160, 1
0.4007, 0.7668, 0.1, 0.5, 10, 256, 160, 1
0.3248, 0.842, 0.1, 0.5, 10, 256, 160, 1
0.3423, 0.57, 0.1, 0.5, 10, 256, 160, 1
0.4647, 0.9583, 0.1, 0.5, 10, 256, 160, 1
0.3465, 0.6535, 0.1, 0.5, 10, 256, 160, 1
0.381, 0.517, 0.1, 0.5, 10, 256, 160, 1
0.3683, 0.963, 0.1, 0.5, 10, 256, 160, 1
0.3949, 0.9838, 0.1, 0.5, 10, 256, 160, 1
0.4226, 0.7682, 0.1, 0.5, 10, 256, 160, 1
0.4743, 0.835, 0.1, 0.5, 10, 256, 160, 1
0.4232, 0.9782, 0.1, 0.5, 10, 256, 160, 1
0.2378, 0.8714, 0.1, 0.5, 10, 256, 160, 1
0.3091, 0.7575, 0.1, 0.5, 10, 256, 160, 1
0.2685, 0.7496, 0.1, 0.5, 10, 256, 160, 1
0.3409, 0.8415, 0.1, 0.5, 10, 256, 160, 1
0.4043, 0.8641, 0.1, 0.5, 10, 256, 160, 1
0.2085, 0.9226, 0.1, 0.5, 10, 256, 160, 1
0.295, 1.0305, 0.1, 0.5, 10, 256, 160, 1
0.4692, 0.8564, 0.1, 0.5, 10, 256, 160, 1
0.4084, 0.5204, 0.1, 0.5, 10, 256, 160, 1
0.2656, 0.6475, 0.1, 0.5, 10, 256, 160, 1
0.3878, 0.6372, 0.1, 0.5, 10, 256, 160, 1
0.2522, 0.9809, 0.1, 0.5, 10, 256, 160, 1
0.3343, 0.5732, 0.1, 0.5, 10, 256, 160, 1
0.3951, 0.8867, 0.1, 0.5, 10, 256, 160, 1
0.3417, 1.0617, 0.1, 0.5, 10, 256, 160, 1
0.4029, 0.9471, 0.1, 0.5, 10, 256, 160, 1
0.3028, 0.6065, 0.1, 0.5, 10, 256, 160, 1
0.4147, 0.5867, 0.1, 0.5, 10, 256, 160, 1
0.3165, 0.8376, 0.1, 0.5, 10, 256, 160, 1
0.4441, 0.7186, 0.1, 0.5, 10, 256, 160, 1
0.4667, 0.8204, 0.1, 0.5, 10, 256, 160, 1
0.2061, 0.8992, 0.1, 0.5, 10, 256, 160, 1
0.278, 1.05, 0.1, 0.5, 10, 256, 160, 1
0.4454, 0.5452, 0.1, 0.5, 10, 256, 160, 1
0.307, 0.6976, 0.1, 0.5, 10, 256, 160, 1
0.2202, 0.5969, 0.1, 0.5, 10, 256, 160, 1
0.3286, 0.9505, 0.1, 0.5, 10, 256, 160, 1
0.3076, 0.8054, 0.1, 0.5, 10, 256, 160, 1
0.4239, 0.7236, 0.1, 0.5, 10, 256, 160, 1
0.3946, 0.5415, 0.1, 0.5, 10, 256, 160, 1
0.4055, 0.8627, 0.1, 0.5, 10, 256, 160, 1
0.4694, 0.8962, 0.1, 0.5, 10, 256, 160, 1
0.4156, 0.6493, 0.1, 0.5, 10, 256, 160, 1
0.326, 0.833, 0.1, 0.5, 10, 256, 160, 1
0.4676, 0.6389, 0.1, 0.5, 10, 256, 160, 1
0.3034, 0.8005, 0.1, 0.5, 10, 256, 160, 1
0.2999, 0.9011, 0.1, 0.5, 10, 256, 160, 1
0.3529, 0.9046, 0.1, 0.5, 10, 256, 160, 1
0.2097, 1.0143, 0.1, 0.5, 10, 256, 160, 1
0.3035, 0.7416, 0.1, 0.5, 10, 256, 160, 1
0.4636, 0.7599, 0.1, 0.5, 10, 256, 160, 1
0.4946, 0.6992, 0.1, 0.5, 10, 256, 160, 1
0.2159, 0.8278, 0.1, 0.5, 10, 256, 160, 1
0.283, 0.7705, 0.1, 0.5, 10, 256, 160, 1
0.392, 0.8492, 0.1, 0.5, 10, 256, 160, 1
0.2208, 0.9041, 0.1, 0.5, 10, 256, 160, 1
0.2387, 0.8346, 0.1, 0.5, 10, 256, 160, 1
0.4372, 0.6515, 0.1, 0.5, 10, 256, 160, 1
0.3059, 0.9778, 0.1, 0.5, 10, 256, 160, 1
0.4419, 0.7312, 0.1, 0.5, 10, 256, 160, 1
0.2017, 0.9859, 0.1, 0.5, 10, 256, 160, 1
0.4685, 0.6398, 0.1, 0.5, 10, 256, 160, 1
0.2243, 0.8998, 0.1, 0.5, 10, 256, 160, 1
0.2732, 0.7314, 0.1, 0.5, 10, 256, 160, 1
0.2954, 0.7292, 0.1, 0.5, 10, 256, 160, 1
0.2417, 0.9476, 0.1, 0.5, 10, 256, 160, 1
0.4779, 0.686, 0.1, 0.5, 10, 256, 160, 1
0.4855, 1.0265, 0.1, 0.5, 10, 256, 160, 1
0.3214, 0.884, 0.1, 0.5, 10, 256, 160, 1
0.4899, 0.6081, 0.1, 0.5, 10, 256, 160, 1
0.2079, 1.0179, 0.1, 0.5, 10, 256, 160, 1
0.2021, 0.5595, 0.1, 0.5, 10, 256, 160, 1
0.4035, 0.6808, 0.1, 0.5, 10, 256, 160, 1
0.2774, 0.7562, 0.1, 0.5, 10, 256, 160, 1
0.3253, 1.0622, 0.1, 0.5, 10, 256, 160, 1
0.3925, 0.5736, 0.1, 0.5, 10, 256, 160, 1
0.3008, 0.7999, 0.1, 0.5, 10, 256, 160, 1
0.4095, 0.8039, 0.1, 0.5, 10, 256, 160, 1
0.2766, 0.5572, 0.1, 0.5, 10, 256, 160, 1
0.3398, 0.7589, 0.1, 0.5, 10, 256, 160, 1
0.29, 0.9639, 0.1, 0.5, 10, 256, 160, 1
0.4994, 0.503, 0.1, 0.5, 10, 256, 160, 1
0.3491, 0.7902, 0.1, 0.5, 10, 256, 160, 1
0.2513, 0.6799, 0.1, 0.5, 10, 256, 160, 1
0.4192, 0.9074, 0.1, 0.5, 10, 256, 160, 1
0.445, 0.9403, 0.1, 0.5, 10, 256, 160, 1
0.4019, 0.6366, 0.1, 0.5, 10, 256, 160, 1
0.3537, 0.5018, 0.1, 0.5, 10, 256, 160, 1
0.4675, 0.8978, 0.1, 0.5, 10, 256, 160, 1
0.2246, 0.8721, 0.1, 0.5, 10, 256, 160, 1
0.4124, 0.5367, 0.1, 0.5, 10, 256, 160, 1
0.2851, 0.7774, 0.1, 0.5, 10, 256, 160, 1
0.3005, 0.9838, 0.1, 0.5, 10, 256, 160, 1
0.2394, 1.0823, 0.1, 0.5, 10, 256, 160, 1
0.3811, 0.8081, 0.1, 0.5, 10, 256, 160, 1
0.3486, 1.0843, 0.1, 0.5, 10, 256, 160, 1
0.4578, 0.8047, 0.1, 0.5, 10, 256, 160, 1
0.4925, 1.0104, 0.1, 0.5, 10, 256, 160, 1
0.2253, 0.8539, 0.1, 0.5, 10, 256, 160, 1
0.2208, 0.668, 0.1, 0.5, 10, 256, 160, 1
0.4489, 1.0418, 0.1, 0.5, 10, 256, 160, 1
0.3263, 0.6531, 0.1, 0.5, 10, 256, 160, 1
0.23, 0.6755, 0.1, 0.5, 10, 256, 160, 1
0.3033, 0.6426, 0.1, 0.5, 10, 256, 160, 1
0.3269, 1.0842, 0.1, 0.5, 10, 256, 160, 1
0.233, 0.8676, 0.1, 0.5, 10, 256, 160, 1
0.4114, 1.0887, 0.1, 0.5, 10, 256, 160, 1
0.2062, 0.8284, 0.1, 0.5, 10, 256, 160, 1
0.4813, 0.72, 0.1, 0.5, 10, 256, 160, 1
0.3504, 0.9129, 0.1, 0.5, 10, 256, 160, 1
0.4967, 0.5616, 0.1, 0.5, 10, 256, 160, 1
0.2356, 0.5145, 0.1, 0.5, 10, 256, 160, 1
0.3246, 0.5044, 0.1, 0.5, 10, 256, 160, 1
0.3421, 0.7838, 0.1, 0.5, 10, 256, 160, 1
0.4442, 0.5386, 0.1, 0.5, 10, 256, 160, 1
0.2183, 0.8434, 0.1, 0.5, 10, 256, 160, 1
0.4678, 0.5948, 0.1, 0.5, 10, 256, 160, 1
0.2921, 0.8207, 0.1, 0.5, 10, 256, 160, 1
0.2663, 0.6254, 0.1, 0.5, 10, 256, 160, 1
0.4102, 0.52, 0.1, 0.5, 10, 256, 160, 1
0.3688, 0.5622, 0.1, 0.5, 10, 256, 160, 1
0.4916, 0.9706, 0.1, 0.5, 10, 256, 160, 1
0.4441, 0.921, 0.1, 0.5, 10, 256, 160, 1
0.3406, 1.0787, 0.1, 0.5, 10, 256, 160, 1
0.3935, 0.6952, 0.1, 0.5, 10, 256, 160, 1
0.4975, 0.6504, 0.1, 0.5, 10, 256, 160, 1
0.3956, 0.7844, 0.1, 0.5, 10, 256, 160, 1
0.2843, 1.0535, 0.1, 0.5, 10, 256, 160, 1
0.4069, 0.9608, 0.1, 0.5, 10, 256, 160, 1
0.4593, 1.0663, 0.1, 0.5, 10, 256, 160, 1
0.314, 0.8935, 0.1, 0.5, 10, 256, 160, 1
0.4531, 0.5792, 0.1, 0.5, 10, 256, 160, 1
0.4206, 0.9392, 0.1, 0.5, 10, 256, 160, 1
0.2358, 1.0631, 0.1, 0.5, 10, 256, 160, 1
0.4429, 0.7584, 0.1, 0.5, 10, 256, 160, 1
0.312, 0.7381, 0.1, 0.5, 10, 256, 160, 1
0.3626, 0.7246, 0.1, 0.5, 10, 256, 160, 1
0.4151, 0.5948, 0.1, 0.5, 10, 256, 160, 1
0.2004, 0.5767, 0.1, 0.5, 10, 256, 160, 1
0.4009, 1.0668, 0.1, 0.5, 10, 256, 160, 1
0.3946, 0.6239, 0.1, 0.5, 10, 256, 160, 1
0.3117, 0.6326, 0.1, 0.5, 10, 256, 160, 1
0.3115, 0.9636, 0.1, 0.5, 10, 256, 160, 1
0.4714, 0.8684, 0.1, 0.5, 10, 256, 160, 1
0.4129, 0.6813, 0.1, 0.5, 10, 256, 160, 1
0.4974, 0.5507, 0.1, 0.5, 10, 256, 160, 1
0.4527, 0.9289, 0.1, 0.5, 10, 256, 160, 1
0.2843, 0.8543, 0.1, 0.5, 10, 256, 160, 1
0.3126, 1.0442, 0.1, 0.5, 10, 256, 160, 1
0.3828, 0.8236, 0.1, 0.5, 10, 256, 160, 1
0.3121, 0.9252, 0.1, 0.5, 10, 256, 160, 1
0.3752, 0.8337, 0.1, 0.5, 10, 256, 160, 1
0.3816, 0.6884, 0.1, 0.5, 10, 256, 160, 1
0.4608, 1.0545, 0.1, 0.5, 10, 256, 160, 1
0.2475, 0.9747, 0.1, 0.5, 10, 256, 160, 1
0.2434, 0.8123, 0.1, 0.5, 10, 256, 160, 1
0.3222, 1.0354, 0.1, 0.5, 10, 256, 160, 1
0.2012, 0.5695, 0.1, 0.5, 10, 256, 160, 1
0.3347, 0.6994, 0.1, 0.5, 10, 256, 160, 1
0.2472, 0.6784, 0.1, 0.5, 10, 256, 160, 1
0.2697, 0.5041, 0.1, 0.5, 10, 256, 160, 1
0.4375, 0.8994, 0.1, 0.5, 10, 256, 160, 1
0.4642, 0.8608, 0.1, 0.5, 10, 256, 160, 1
0.4078, 1.0744, 0.1, 0.5, 10, 256, 160, 1
0.4882, 0.7622, 0.1, 0.5, 10, 256, 160, 1
0.2655, 0.5346, 0.1, 0.5, 10, 256, 160, 1
0.3034, 0.7886, 0.1, 0.5, 10, 256, 160, 1
0.2076, 0.6979, 0.1, 0.5, 10, 256, 160, 1
0.3003, 0.7944, 0.1, 0.5, 10, 256, 160, 1
0.2583, 0.8761, 0.1, 0.5, 10, 256, 160, 1
0.4385, 0.872, 0.1, 0.5, 10, 256, 160, 1
0.4877, 1.0055, 0.1, 0.5, 10, 256, 160, 1
0.4269, 0.5652, 0.1, 0.5, 10, 256, 160, 1
0.4497, 0.937, 0.1, 0.5, 10, 256, 160, 1
0.2172, 0.6675, 0.1, 0.5, 10, 256, 160, 1
0.4763, 0.5078, 0.1, 0.5, 10, 256, 160, 1
0.4401, 1.0668, 0.1, 0.5, 10, 256, 160, 1
0.3158, 0.5597, 0.1, 0.5, 10, 256, 160, 1
0.2077, 1.0443, 0.1, 0.5, 10, 256, 160, 1
0.4079, 0.8251, 0.1, 0.5, 10, 256, 160, 1
0.3645, 0.7098, 0.1, 0.5, 10, 256, 160, 1
0.4793, 0.5309, 0.1, 0.5, 10, 256, 160, 1
0.3204, 1.0837, 0.1, 0.5, 10, 256, 160, 1
0.4445, 0.5998, 0.1, 0.5, 10, 256, 160, 1
0.3473, 1.0531, 0.1, 0.5, 10, 256, 160, 1
0.4334, 0.7501, 0.1, 0.5, 10, 256, 160, 1
0.384, 0.5483, 0.1, 0.5, 10, 256, 160, 1
0.2633, 0.9581, 0.1, 0.5, 10, 256, 160, 1
0.2759, 1.0686, 0.1, 0.5, 10, 256, 160, 1
0.3263, 0.8541, 0.1, 0.5, 10, 256, 160, 1
0.331, 0.7312, 0.1, 0.5, 10, 256, 160, 1
0.2608, 0.512, 0.1, 0.5, 10, 256, 160, 1
0.3038, 0.7516, 0.1, 0.5, 10, 256, 160, 1
0.3026, 0.5239, 0.1, 0.5, 10, 256, 160, 1
0.337, 0.8569, 0.1, 0.5, 10, 256, 160, 1
0.3519, 0.912, 0.1, 0.5, 10, 256, 160, 1
0.3553, 0.7642, 0.1, 0.5, 10, 256, 160, 1
0.2728, 0.9776, 0.1, 0.5, 10, 256, 160, 1
0.3036, 0.7116, 0.1, 0.5, 10, 256, 160, 1
0.2804, 0.9036, 0.1, 0.5, 10, 256, 160, 1
0.3211, 1.0559, 0.1, 0.5, 10, 256, 160, 1
0.2523, 1.0236, 0.1, 0.5, 10, 256, 160, 1
0.3713, 0.641, 0.1, 0.5, 10, 256, 160, 1
0.4739, 0.6656, 0.1, 0.5, 10, 256, 160, 1
0.4919, 0.9697, 0.1, 0.5, 10, 256, 160, 1
0.2474, 1.0206, 0.1, 0.5, 10, 256, 160, 1
0.2584, 0.736, 0.1, 0.5, 10, 256, 160, 1
0.4281, 0.9481, 0.1, 0.5, 10, 256, 160, 1
0.37, 0.9379, 0.1, 0.5, 10, 256, 160, 1
0.2878, 0.9381, 0.1, 0.5, 10, 256, 160, 1
0.2797, 0.8748, 0.1, 0.5, 10, 256, 160, 1
0.3502, 0.9727, 0.1, 0.5, 10, 256, 160, 1
0.2876, 0.9485, 0.1, 0.5, 10, 256, 160, 1
0.2971, 0.7341, 0.1, 0.5, 10, 256, 160, 1
0.3758, 0.5403, 0.1, 0.5, 10, 256, 160, 1
0.4834, 1.0943, 0.1, 0.5, 10, 256, 160, 1
0.4201, 0.8388, 0.1, 0.5, 10, 256, 160, 1
0.3501, 0.776, 0.1, 0.5, 10, 256, 160, 1
0.2054, 0.5746, 0.1, 0.5, 10, 256, 160, 1
0.3723, 0.7817, 0.1, 0.5, 10, 256, 160, 1
0.3726, 0.599, 0.1, 0.5, 10, 256, 160, 1
0.4107, 0.8309, 0.1, 0.5, 10, 256, 160, 1
0.3983, 0.5883, 0.1, 0.5, 10, 256, 160, 1
0.2653, 0.9994, 0.1, 0.5, 10, 256, 160, 1
0.2602, 0.8381, 0.1, 0.5, 10, 256, 160, 1
0.3072, 0.7323, 0.1, 0.5, 10, 256, 160, 1
0.3692, 0.927, 0.1, 0.5, 10, 256, 160, 1
0.4915, 1.0084, 0.1, 0.5, 10, 256, 160, 1
0.4876, 0.772, 0.1, 0.5, 10, 256, 160, 1
0.3844, 0.5387, 0.1, 0.5, 10, 256, 160, 1
0.3054, 0.5947, 0.1, 0.5, 10, 256, 160, 1
0.4774, 1.0986, 0.1, 0.5, 10, 256, 160, 1
0.2952, 0.7572, 0.1, 0.5, 10, 256, 160, 1
0.385, 0.8276, 0.1, 0.5, 10, 256, 160, 1
0.2196, 0.6605, 0.1, 0.5, 10, 256, 160, 1
0.2065, 0.5715, 0.1, 0.5, 10, 256, 160, 1
0.4849, 0.7428, 0.1, 0.5, 10, 256, 160, 1
0.3306, 0.8216, 0.1, 0.5, 10, 256, 160, 1
0.4724, 0.605, 0.1, 0.5, 10, 256, 160, 1
0.4445, 0.6733, 0.1, 0.5, 10, 256, 160, 1
0.2415, 0.8205, 0.1, 0.5, 10, 256, 160, 1
0.366, 1.0791, 0.1, 0.5, 10, 256, 160, 1
0.2067, 0.8157, 0.1, 0.5, 10, 256, 160, 1
0.2263, 0.5552, 0.1, 0.5, 10, 256, 160, 1
0.2989, 1.0383, 0.1, 0.5, 10, 256, 160, 1
0.414, 0.5136, 0.1, 0.5, 10, 256, 160, 1
0.4867, 1.0916, 0.1, 0.5, 10, 256, 160, 1
0.3067, 1.0414, 0.1, 0.5, 10, 256, 160, 1
0.4316, 1.0225, 0.1, 0.5, 10, 256, 160, 1
0.3764, 1.096, 0.1, 0.5, 10, 256, 160, 1
0.3459, 0.7025, 0.1, 0.5, 10, 256, 160, 1
0.3807, 0.5435, 0.1, 0.5, 10, 256, 160, 1
0.2316, 1.0329, 0.1, 0.5, 10, 256, 160, 1
0.3722, 0.6946, 0.1, 0.5, 10, 256, 160, 1
0.2813, 0.6504, 0.1, 0.5, 10, 256, 160, 1
0.2315, 1.0468, 0.1, 0.5, 10, 256, 160, 1
0.314, 1.0143, 0.1, 0.5, 10, 256, 160, 1
0.3345, 1.0838, 0.1, 0.5, 10, 256, 160, 1
0.2251, 0.9263, 0.1, 0.5, 10, 256, 160, 1
0.3163, 0.9307, 0.1, 0.5, 10, 256, 160, 1
0.26, 0.8625, 0.1, 0.5, 10, 256, 160, 1
0.3582, 1.0229, 0.1, 0.5, 10, 256, 160, 1
0.4835, 0.9186, 0.1, 0.5, 10, 256, 160, 1
0.3115, 0.698, 0.1, 0.5, 10, 256, 160, 1
0.4881, 0.7875, 0.1, 0.5, 10, 256, 160, 1
0.4523, 0.5308, 0.1, 0.5, 10, 256, 160, 1
0.4, 0.6646, 0.1, 0.5, 10, 256, 160, 1
0.3804, 0.8474, 0.1, 0.5, 10, 256, 160, 1
0.2461, 0.6453, 0.1, 0.5, 10, 256, 160, 1
0.2004, 0.5705, 0.1, 0.5, 10, 256, 160, 1
0.2734, 0.8535, 0.1, 0.5, 10, 256, 160, 1
0.3915, 0.7431, 0.1, 0.5, 10, 256, 160, 1
0.3583, 1.0217, 0.1, 0.5, 10, 256, 160, 1
0.4786, 1.0977, 0.1, 0.5, 10, 256, 160, 1
0.337, 1.0836, 0.1, 0.5, 10, 256, 160, 1
0.3184, 0.9736, 0.1, 0.5, 10, 256, 160, 1
0.3143, 0.5164, 0.1, 0.5, 10, 256, 160, 1
0.3277, 0.5625, 0.1, 0.5, 10, 256, 160, 1
0.2858, 0.5658, 0.1, 0.5, 10, 256, 160, 1
0.4379, 0.8901, 0.1, 0.5, 10, 256, 160, 1
0.4912, 0.9059, 0.1, 0.5, 10, 256, 160, 1
0.2037, 1.0011, 0.1, 0.5, 10, 256, 160, 1
0.2523, 0.7948, 0.1, 0.5, 10, 256, 160, 1
0.3331, 1.0565, 0.1, 0.5, 10, 256, 160, 1
0.4109, 0.6992, 0.1, 0.5, 10, 256, 160, 1
0.3806, 1.0817, 0.1, 0.5, 10, 256, 160, 1
0.4638, 1.0162, 0.1, 0.5, 10, 256, 160, 1
0.2259, 1.0088, 0.1, 0.5, 10, 256, 160, 1
0.3604, 1.0953, 0.1, 0.5, 10, 256, 160, 1
0.2472, 0.757, 0.1, 0.5, 10, 256, 160, 1
0.2326, 0.5311, 0.1, 0.5, 10, 256, 160, 1
0.3176, 0.5562, 0.1, 0.5, 10, 256, 160, 1
0.4428, 0.5715, 0.1, 0.5, 10, 256, 160, 1
0.4756, 0.9196, 0.1, 0.5, 10, 256, 160, 1
0.2477, 0.6394, 0.1, 0.5, 10, 256, 160, 1
0.3947, 0.5081, 0.1, 0.5, 10, 256, 160, 1
0.4413, 1.0355, 0.1, 0.5, 10, 256, 160, 1
0.2777, 0.9926, 0.1, 0.5, 10, 256, 160, 1
0.4806, 0.5421, 0.1, 0.5, 10, 256, 160, 1
0.4982, 0.6824, 0.1, 0.5, 10, 256, 160, 1
0.2511, 0.5668, 0.1, 0.5, 10, 256, 160, 1
0.3292, 0.6909, 0.1, 0.5, 10, 256, 160, 1
0.4576, 0.8435, 0.1, 0.5, 10, 256, 160, 1
0.4013, 1.0155, 0.1, 0.5, 10, 256, 160, 1
0.4387, 0.6002, 0.1, 0.5, 10, 256, 160, 1
0.2218, 0.9466, 0.1, 0.5, 10, 256, 160, 1
0.4146, 0.6193, 0.1, 0.5, 10, 256, 160, 1
0.3722, 0.8913, 0.1, 0.5, 10, 256, 160, 1
0.2516, 0.7871, 0.1, 0.5, 10, 256, 160, 1
0.2536, 0.6492, 0.1, 0.5, 10, 256, 160, 1
0.2191, 0.5509, 0.1, 0.5, 10, 256, 160, 1
0.4849, 1.0922, 0.1, 0.5, 10, 256, 160, 1
0.2916, 1.028, 0.1, 0.5, 10, 256, 160, 1
0.4913, 0.6739, 0.1, 0.5, 10, 256, 160, 1
0.2048, 0.9362, 0.1, 0.5, 10, 256, 160, 1
0.2851, 0.6347, 0.1, 0.5, 10, 256, 160, 1
0.4709, 1.0421, 0.1, 0.5, 10, 256, 160, 1
0.2212, 0.7939, 0.1, 0.5, 10, 256, 160, 1
0.3545, 0.8338, 0.1, 0.5, 10, 256, 160, 1
0.2864, 0.6724, 0.1, 0.5, 10, 256, 160, 1
0.3788, 0.8524, 0.1, 0.5, 10, 256, 160, 1
0.2499, 0.7709, 0.1, 0.5, 10, 256, 160, 1
0.3526, 0.7023, 0.1, 0.5, 10, 256, 160, 1
0.3022, 0.8784, 0.1, 0.5, 10, 256, 160, 1
0.4429, 0.6357, 0.1, 0.5, 10, 256, 160, 1
0.3303, 0.9187, 0.1, 0.5, 10, 256, 160, 1
0.4938, 0.9398, 0.1, 0.5, 10, 256, 160, 1
0.2328, 0.5224, 0.1, 0.5, 10, 256, 160, 1
0.3567, 1.0941, 0.1, 0.5, 10, 256, 160, 1
0.4412, 0.5628, 0.1, 0.5, 10, 256, 160, 1
0.3599, 0.8887, 0.1, 0.5, 10, 256, 160, 1
0.2905, 0.5049, 0.1, 0.5, 10, 256, 160, 1
0.3929, 0.8027, 0.1, 0.5, 10, 256, 160, 1
0.3982, 0.8533, 0.1, 0.5, 10, 256, 160, 1
0.4999, 0.7593, 0.1, 0.5, 10, 256, 160, 1
0.2296, 0.7708, 0.1, 0.5, 10, 256, 160, 1
0.4332, 1.0063, 0.1, 0.5, 10, 256, 160, 1
0.2512, 0.8809, 0.1, 0.5, 10, 256, 160, 1
0.469, 0.9802, 0.1, 0.5, 10, 256, 160, 1
0.2386, 0.5014, 0.1, 0.5, 10, 256, 160, 1
0.2618, 0.6602, 0.1, 0.5, 10, 256, 160, 1
0.4668, 0.5519, 0.1, 0.5, 10, 256, 160, 1
0.2369, 0.5969, 0.1, 0.5, 10, 256, 160, 1
0.2743, 0.5647, 0.1, 0.5, 10, 256, 160, 1
0.3664, 0.5417, 0.1, 0.5, 10, 256, 160, 1
0.3509, 0.6683, 0.1, 0.5, 10, 256, 160, 1
0.4769, 0.6743, 0.1, 0.5, 10, 256, 160, 1
0.2858, 0.5299, 0.1, 0.5, 10, 256, 160, 1
0.3675, 1.0295, 0.1, 0.5, 10, 256, 160, 1
0.3778, 0.9963, 0.1, 0.5, 10, 256, 160, 1
0.2167, 0.5745, 0.1, 0.5, 10, 256, 160, 1
0.485, 0.592, 0.1, 0.5, 10, 256, 160, 1
0.3394, 0.8523, 0.1, 0.5, 10, 256, 160, 1
0.2739, 0.9364, 0.1, 0.5, 10, 256, 160, 1
0.3459, 0.6304, 0.1, 0.5, 10, 256, 160, 1
0.4581, 0.6082, 0.1, 0.5, 10, 256, 160, 1
0.3467, 0.7461, 0.1, 0.5, 10, 256, 160, 1
0.2463, 0.6651, 0.1, 0.5, 10, 256, 160, 1
0.3932, 0.5742, 0.1, 0.5, 10, 256, 160, 1
0.4354, 0.7086, 0.1, 0.5, 10, 256, 160, 1
0.4951, 0.75, 0.1, 0.5, 10, 256, 160, 1
0.3517, 0.8866, 0.1, 0.5, 10, 256, 160, 1
0.4188, 0.8442, 0.1, 0.5, 10, 256, 160, 1
0.3662, 0.5826, 0.1, 0.5, 10, 256, 160, 1
0.3123, 0.6341, 0.1, 0.5, 10, 256, 160, 1
0.3782, 0.8639, 0.1, 0.5, 10, 256, 160, 1
0.4074, 0.5928, 0.1, 0.5, 10, 256, 160, 1
0.3081, 0.743, 0.1, 0.5, 10, 256, 160, 1
0.2588, 0.7164, 0.1, 0.5, 10, 256, 160, 1
0.2012, 1.0702, 0.1, 0.5, 10, 256, 160, 1
0.3067, 0.6907, 0.1, 0.5, 10, 256, 160, 1
0.4363, 1.0447, 0.1, 0.5, 10, 256, 160, 1
0.3337, 0.7202, 0.1, 0.5, 10, 256, 160, 1
0.4201, 1.0797, 0.1, 0.5, 10, 256, 160, 1
0.2592, 1.0848, 0.1, 0.5, 10, 256, 160, 1
0.4453, 0.8861, 0.1, 0.5, 10, 256, 160, 1
0.2601, 0.788, 0.1, 0.5, 10, 256, 160, 1
0.4451, 0.9068, 0.1, 0.5, 10, 256, 160, 1
0.2371, 0.7899, 0.1, 0.5, 10, 256, 160, 1
0.4261, 0.7861, 0.1, 0.5, 10, 256, 160, 1
0.212, 0.9755, 0.1, 0.5, 10, 256, 160, 1
0.3515, 0.7585, 0.1, 0.5, 10, 256, 160, 1
0.33, 0.5502, 0.1, 0.5, 10, 256, 160, 1
0.3271, 0.6183, 0.1, 0.5, 10, 256, 160, 1
0.4894, 1.0176, 0.1, 0.5, 10, 256, 160, 1
0.4145, 0.6039, 0.1, 0.5, 10, 256, 160, 1
0.2424, 0.6862, 0.1, 0.5, 10, 256, 160, 1
0.3169, 0.7696, 0.1, 0.5, 10, 256, 160, 1
0.3625, 1.0231, 0.1, 0.5, 10, 256, 160, 1
0.2473, 0.8354, 0.1, 0.5, 10, 256, 160, 1
0.2543, 0.5043, 0.1, 0.5, 10, 256, 160, 1
0.3528, 0.9626, 0.1, 0.5, 10, 256, 160, 1
0.4816, 1.0106, 0.1, 0.5, 10, 256, 160, 1
0.253, 0.6273, 0.1, 0.5, 10, 256, 160, 1
0.4568, 0.9626, 0.1, 0.5, 10, 256, 160, 1
0.4024, 0.5961, 0.1, 0.5, 10, 256, 160, 1
0.3477, 0.5149, 0.1, 0.5, 10, 256, 160, 1
0.2516, 0.6479, 0.1, 0.5, 10, 256, 160, 1
0.3264, 0.7196, 0.1, 0.5, 10, 256, 160, 1
0.4051, 0.981, 0.1, 0.5, 10, 256, 160, 1
0.386, 1.0219, 0.1, 0.5, 10, 256, 160, 1
0.221, 0.7401, 0.1, 0.5, 10, 256, 160, 1
0.235, 1.057, 0.1, 0.5, 10, 256, 160, 1
0.3667, 0.6518, 0.1, 0.5, 10, 256, 160, 1
0.4003, 0.7571, 0.1, 0.5, 10, 256, 160, 1
0.3319, 1.0479, 0.1, 0.5, 10, 256, 160, 1
0.2893, 0.7761, 0.1, 0.5, 10, 256, 160, 1
0.2386, 1.017, 0.1, 0.5, 10, 256, 160, 1
0.2232, 0.8983, 0.1, 0.5, 10, 256, 160, 1
0.3203, 0.6841, 0.1, 0.5, 10, 256, 160, 1
0.2157, 1.0655, 0.1, 0.5, 10, 256, 160, 1
0.2516, 0.99, 0.1, 0.5, 10, 256, 160, 1
0.255, 0.9084, 0.1, 0.5, 10, 256, 160, 1
0.3861, 0.6364, 0.1, 0.5, 10, 256, 160, 1
0.2608, 0.8889, 0.1, 0.5, 10, 256, 160, 1
0.4158, 0.9644, 0.1, 0.5, 10, 256, 160, 1
0.4734, 0.5221, 0.1, 0.5, 10, 256, 160, 1
0.4243, 1.0335, 0.1, 0.5, 10, 256, 160, 1
0.2724, 0.9405, 0.1, 0.5, 10, 256, 160, 1
0.2382, 1.0436, 0.1, 0.5, 10, 256, 160, 1
0.323, 0.5484, 0.1, 0.5, 10, 256, 160, 1
0.2746, 1.0884, 0.1, 0.5, 10, 256, 160, 1
0.3056, 0.5812, 0.1, 0.5, 10, 256, 160, 1
0.4838, 1.0158, 0.1, 0.5, 10, 256, 160, 1
0.2943, 0.5308, 0.1, 0.5, 10, 256, 160, 1
0.2787, 0.5327, 0.1, 0.5, 10, 256, 160, 1
0.2316, 0.9565, 0.1, 0.5, 10, 256, 160, 1
0.4542, 0.7234, 0.1, 0.5, 10, 256, 160, 1
0.4094, 1.0797, 0.1, 0.5, 10, 256, 160, 1
0.2308, 0.5292, 0.1, 0.5, 10, 256, 160, 1
0.4896, 1.0777, 0.1, 0.5, 10, 256, 160, 1
0.3683, 0.6552, 0.1, 0.5, 10, 256, 160, 1
0.3663, 1.0567, 0.1, 0.5, 10, 256, 160, 1
0.2763, 1.0381, 0.1, 0.5, 10, 256, 160, 1
0.2024, 0.8529, 0.1, 0.5, 10, 256, 160, 1
0.465, 1.0051, 0.1, 0.5, 10, 256, 160, 1
0.3688, 1.0266, 0.1, 0.5, 10, 256, 160, 1
0.2022, 1.0913, 0.1, 0.5, 10, 256, 160, 1
0.4646, 0.9898, 0.1, 0.5, 10, 256, 160, 1
0.214, 0.7168, 0.1, 0.5, 10, 256, 160, 1
0.409, 0.9043, 0.1, 0.5, 10, 256, 160, 1
0.2614, 0.5666, 0.1, 0.5, 10, 256, 160, 1
0.4531, 1.0244, 0.1, 0.5, 10, 256, 160, 1
0.3206, 1.0056, 0.1, 0.5, 10, 256, 160, 1
0.3522, 0.7742, 0.1, 0.5, 10, 256, 160, 1
0.4718, 0.6648, 0.1, 0.5, 10, 256, 160, 1
0.2964, 0.513, 0.1, 0.5, 10, 256, 160, 1
0.4028, 0.8251, 0.1, 0.5, 10, 256, 160, 1
0.3871, 0.7242, 0.1, 0.5, 10, 256, 160, 1
0.2786, 0.6139, 0.1, 0.5, 10, 256, 160, 1
0.2344, 1.0559, 0.1, 0.5, 10, 256, 160, 1
0.2205, 1.014, 0.1, 0.5, 10, 256, 160, 1
0.2421, 0.8708, 0.1, 0.5, 10, 256, 160, 1
0.4808, 0.5175, 0.1, 0.5, 10, 256, 160, 1
0.2365, 0.7274, 0.1, 0.5, 10, 256, 160, 1
0.396, 0.5457, 0.1, 0.5, 10, 256, 160, 1
0.364, 1.0371, 0.1, 0.5, 10, 256, 160, 1
0.2988, 0.9509, 0.1, 0.5, 10, 256, 160, 1
0.2776, 0.7426, 0.1, 0.5, 10, 256, 160, 1
0.4761, 0.8532, 0.1, 0.5, 10, 256, 160, 1
0.4071, 0.7968, 0.1, 0.5, 10, 256, 160, 1
0.2317, 0.732, 0.1, 0.5, 10, 256, 160, 1
0.2471, 0.5819, 0.1, 0.5, 10, 256, 160, 1
0.443, 0.6596, 0.1, 0.5, 10, 256, 160, 1
0.2249, 0.5263, 0.1, 0.5, 10, 256, 160, 1
0.422, 0.9996, 0.1, 0.5, 10, 256, 160, 1
0.231, 1.0006, 0.1, 0.5, 10, 256, 160, 1
0.2956, 0.9074, 0.1, 0.5, 10, 256, 160, 1
0.3377, 1.0473, 0.1, 0.5, 10, 256, 160, 1
0.4121, 0.7848, 0.1, 0.5, 10, 256, 160, 1
0.2064, 0.9488, 0.1, 0.5, 10, 256, 160, 1
0.2843, 1.0341, 0.1, 0.5, 10, 256, 160, 1
0.4215, 0.5791, 0.1, 0.5, 10, 256, 160, 1
0.4276, 0.5759, 0.1, 0.5, 10, 256, 160, 1
0.2503, 0.5798, 0.1, 0.5, 10, 256, 160, 1
0.4021, 0.8146, 0.1, 0.5, 10, 256, 160, 1
0.3353, 0.7256, 0.1, 0.5, 10, 256, 160, 1
0.4396, 0.9107, 0.1, 0.5, 10, 256, 160, 1
0.2001, 0.6087, 0.1, 0.5, 10, 256, 160, 1
0.4789, 0.7242, 0.1, 0.5, 10, 256, 160, 1
0.4332, 1.0131, 0.1, 0.5, 10, 256, 160, 1
0.2068, 0.8074, 0.1, 0.5, 10, 256, 160, 1
0.4851, 0.5606, 0.1, 0.5, 10, 256, 160, 1
0.2246, 0.8704, 0.1, 0.5, 10, 256, 160, 1
0.4298, 0.9044, 0.1, 0.5, 10, 256, 160, 1
0.2389, 0.6743, 0.1, 0.5, 10, 256, 160, 1
0.2242, 1.0209, 0.1, 0.5, 10, 256, 160, 1
0.3848, 0.5408, 0.1, 0.5, 10, 256, 160, 1
0.3687, 0.6597, 0.1, 0.5, 10, 256, 160, 1
0.4153, 0.9467, 0.1, 0.5, 10, 256, 160, 1
0.2817, 0.8858, 0.1, 0.5, 10, 256, 160, 1
0.4776, 0.7886, 0.1, 0.5, 10, 256, 160, 1
0.4242, 1.0282, 0.1, 0.5, 10, 256, 160, 1
0.3913, 0.9582, 0.1, 0.5, 10, 256, 160, 1
0.4908, 0.8162, 0.1, 0.5, 10, 256, 160, 1
0.4225, 0.5291, 0.1, 0.5, 10, 256, 160, 1
0.3595, 0.9929, 0.1, 0.5, 10, 256, 160, 1
0.2167, 1.0364, 0.1, 0.5, 10, 256, 160, 1
0.4937, 0.5451, 0.1, 0.5, 10, 256, 160, 1
0.4165, 0.6664, 0.1, 0.5, 10, 256, 160, 1
0.2865, 0.742, 0.1, 0.5, 10, 256, 160, 1
0.3224, 0.6074, 0.1, 0.5, 10, 256, 160, 1
0.2169, 1.0102, 0.1, 0.5, 10, 256, 160, 1
0.3374, 1.0556, 0.1, 0.5, 10, 256, 160, 1
0.2755, 0.5039, 0.1, 0.5, 10, 256, 160, 1
0.4156, 0.5854, 0.1, 0.5, 10, 256, 160, 1
0.3388, 0.8283, 0.1, 0.5, 10, 256, 160, 1
0.4431, 0.821, 0.1, 0.5, 10, 256, 160, 1
0.3125, 0.7585, 0.1, 0.5, 10, 256, 160, 1
0.2417, 0.7906, 0.1, 0.5, 10, 256, 160, 1
0.2153, 1.0592, 0.1, 0.5, 10, 256, 160, 1
0.4482, 0.6753, 0.1, 0.5, 10, 256, 160, 1
0.205, 0.8718, 0.1, 0.5, 10, 256, 160, 1
0.2075, 0.9424, 0.1, 0.5, 10, 256, 160, 1
0.3463, 0.7789, 0.1, 0.5, 10, 256, 160, 1
0.4952, 0.7025, 0.1, 0.5, 10, 256, 160, 1
0.4697, 0.6224, 0.1, 0.5, 10, 256, 160, 1
0.3685, 0.6007, 0.1, 0.5, 10, 256, 160, 1
0.3494, 0.6624, 0.1, 0.5, 10, 256, 160, 1
0.3727, 1.0461, 0.1, 0.5, 10, 256, 160, 1
0.3951, 1.0806, 0.1, 0.5, 10, 256, 160, 1
0.2432, 0.6231, 0.1, 0.5, 10, 256, 160, 1
0.2513, 1.036, 0.1, 0.5, 10, 256, 160, 1
0.4184, 0.5825, 0.1, 0.5, 10, 256, 160, 1
0.4677, 1.0254, 0.1, 0.5, 10, 256, 160, 1
0.3894, 0.7823, 0.1, 0.5, 10, 256, 160, 1
0.4589, 0.9362, 0.1, 0.5, 10, 256, 160, 1
0.4407, 1.0878, 0.1, 0.5, 10, 256, 160, 1
0.3152, 0.5045, 0.1, 0.5, 10, 256, 160, 1
0.3509, 1.0674, 0.1, 0.5, 10, 256, 160, 1
0.3622, 0.9508, 0.1, 0.5, 10, 256, 160, 1
0.2883, 0.7672, 0.1, 0.5, 10, 256, 160, 1
0.2259, 0.7397, 0.1, 0.5, 10, 256, 160, 1
0.413, 1.0343, 0.1, 0.5, 10, 256, 160, 1
0.4621, 0.9954, 0.1, 0.5, 10, 256, 160, 1
0.3659, 0.6569, 0.1, 0.5, 10, 256, 160, 1
0.3656, 0.8085, 0.1, 0.5, 10, 256, 160, 1
0.2181, 0.6532, 0.1, 0.5, 10, 256, 160, 1
0.4792, 0.8456, 0.1, 0.5, 10, 256, 160, 1
0.3743, 0.8514, 0.1, 0.5, 10, 256, 160, 1
0.409, 0.6248, 0.1, 0.5, 10, 256, 160, 1
0.2207, 0.5413, 0.1, 0.5, 10, 256, 160, 1
0.3776, 1.0405, 0.1, 0.5, 10, 256, 160, 1
0.4648, 0.868, 0.1, 0.5, 10, 256, 160, 1
0.3947, 0.9198, 0.1, 0.5, 10, 256, 160, 1
0.326, 0.6291, 0.1, 0.5, 10, 256, 160, 1
0.3164, 0.7724, 0.1, 0.5, 10, 256, 160, 1
0.248, 0.6112, 0.1, 0.5, 10, 256, 160, 1
0.3565, 0.913, 0.1, 0.5, 10, 256, 160, 1
0.3265, 1.0205, 0.1, 0.5, 10, 256, 160, 1
0.3554, 0.9663, 0.1, 0.5, 10, 256, 160, 1
0.3969, 1.0275, 0.1, 0.5, 10, 256, 160, 1
