alpha_m/ 150 175 100
alpha_m/ 525 550 100
alpha_m/ 575 600 100
alpha_m/ 2900 2925 100
alpha_m/ 3375 3400 100
alpha_m/ 4625 4650 100
alpha_m/ 6125 6150 100
alpha_m/ 6600 6625 100
alpha_m/ 6925 6950 100
h_m/ 1000 1025 60
h_m/ 5050 5075 100
h_m/ 5325 5350 100
h_m/ 5425 5450 100
h_p/ 6025 6050 5
h_p/ 6125 6150 5
logM0_m/ 4725 4750 30
logM0_m/ 6325 6350 5
logM0_m/ 6950 6975 5
logM0_m/ 7325 7350 5
logM0_p/ 100 125 5
logM0_p/ 275 300 5
logM1_m/ 425 450 100
logM1_m/ 575 600 100
logM1_m/ 1100 1125 100
w_p/ 150 175 60
w_p/ 1025 1050 60
w_p/ 1550 1575 60
w_p/ 1875 1900 60
w_p/ 2825 2850 15
